8.569109697555344
11.770334199669506
11.189559007454818
7.686827008474307
10.601093628233134
9.501378432285563
3.29620046825095
13.706361203249275
10.459113396990347
5.800574668783126
8.744682819185929
5.807713590730087
7.821533793119062
10.433081316598143
6.635933354411951
4.76427000810943
9.245412325985743
6.63143518962265
9.636698167349223
3.633806140137856
10.041364526762077
8.557655142630608
11.32167580945358
9.788344702511974
12.506963609712855
11.872732524731582
10.416546322635181
7.946004557939044
15.432013347662332
5.102105493518314
17.196355510031534
6.461920579650279
9.348626955364862
5.80097868613756
11.05711701350394
15.462026599112226
9.690423134913914
11.229955647153883
3.517058805253898
10.292725076150463
13.39149486326264
3.0404056269630937
13.362568464028968
11.070583148306236
8.10662080238789
1.6029792236670026
9.292734763853502
4.698207724453667
7.14185695452951
11.549689709470806
10.362821477375189
12.9979262178449
10.720857100181352
5.416436342745207
14.146688704957578
10.555262937013154
9.169814964874863
10.955522487248581
8.98459844289805
10.053449721693099
6.441784275581913
2.6359834971182883
10.901179433369002
10.023054489516134
10.402452139954937
8.508282276757253
11.598773202973032
9.261209063335562
13.057193548945534
7.0121570912507325
3.831246117262534
5.341725164932812
5.875056579210998
4.9520107641085325
7.2790198162252695
5.520597309597051
11.417550424467155
15.074414491031314
9.756496536347266
5.905840620507034
5.161716670081654
9.452125425255705
2.0736031470653016
16.285752060224358
13.389549418942499
5.245759315585795
4.637070448653979
8.637018094655835
7.790328754453873
10.385040517202896
15.33882996204392
10.644665419711242
4.699434399635109
13.806458041151545
7.1941290179567146
8.052286007043683
6.1759279184942955
1.6973232769783255
8.161460131646958
7.745884926549083
11.942715916024106
7.599508763157344
8.815175355024719
9.666209032498092
13.861670459174073
13.123862146145248
4.9825313713006825
8.51925426696643
11.34670934719931
7.425427567565697
14.708373652080232
12.725395511298558
9.967727349977768
4.058589507427319
4.862961306097184
12.02979984858684
1.4521001359308956
13.800431672463523
10.809704214196342
14.903472563373438
9.56161179371265
10.325247077757151
8.762261720009484
10.119063381262325
9.760823049491389
9.975909120624895
11.652788325799522
6.059930455482775
8.24338443945809
4.50967031333533
8.363541012155816
4.647727434972754
8.544803112866026
9.112849449590845
4.404504880155102
0.0
11.581017857881342
7.084976924033182
13.02764189257372
6.987804414906281
4.472153171619176
10.299808887619605
10.86370251089237
4.576248816687748
6.830722610105825
5.01024381828092
12.545989962149205
13.72668107776567
11.376044164446778
8.678018178669717
14.05688638976382
7.274509772895435
10.07197862705259
1.5848835453795553
6.7377321351092725
12.772555091557702
6.593782919195606
4.305889933095341
5.234453724182109
12.727353256284148
16.007154203056707
7.888729302100764
6.239189335133667
9.709105476927428
5.5643725836244595
21.216467766183094
27.63915717898255
25.474005510967615
18.543835463914434
22.913156685748078
25.664976735254307
24.64368689161782
14.648249853038568
21.360120881041823
25.31883602476872
22.975944113241404
19.96105775446452
20.439492632352454
24.689158244191724
26.19972112647774
31.617781954814717
25.165223320009346
22.72512157313217
26.332068236750032
29.357005336698037
23.283576793842627
28.781787386273848
22.83794310805613
25.447457318321497
23.25314953484299
23.37721433902407
16.232988855178306
22.27537437527971
23.132798635726623
20.250067615861767
24.60699751516362
24.13348770286556
22.384918404806108
26.762268634191962
17.235436078377305
19.45653365979937
24.568218586028102
22.185273827193775
22.03151383363513
28.121908017249524
21.65660866174703
27.002598980976515
24.39538023565521
21.155615252045088
24.503444626375696
20.085017747279494
20.547698396148675
22.018399334327647
22.394360928529032
19.114274893467098
26.988677029774422
24.886919067790338
21.274844555258255
23.98225780905571
20.545626908267987
27.651307811815578
21.969586757696355
21.388989043808074
28.902915926002585
25.23755316058709
14.882326314609934
18.103150754716317
20.08688081502551
21.13590367375351
26.294938495965297
24.586262948916655
21.789239206209203
22.73483243060373
23.08346656310062
26.46315796459949
21.27175803583146
23.38152884086501
23.67519841239063
22.92147286777704
19.045836606448677
25.58956800328245
24.143645980036162
31.31399041523175
27.408269462814616
19.555346703868526
23.193333637622928
20.01536745743688
28.02401843657418
25.414595209181314
28.725751436543653
23.833185192059005
25.332593284262515
32.440163887791954
21.26765518900168
28.906216922987802
24.297125520534657
21.465914530158457
32.258326799145856
22.50310164837375
24.81492160198585
25.448669173413023
26.03089679836569
29.52634887607472
21.504301207213786
25.396876545192626
25.853218808554487
26.912185001722165
24.161693596354105
25.956175254408116
21.458794850416616
25.210497847501045
18.42066157462019
19.638231581894992
23.742653764810235
25.09335451199447
20.752499015486876
26.191534586278884
21.424685106846482
24.79397629463837
32.11053533668376
17.849732896730764
29.238853146559997
22.622138809933567
22.111480519999546
30.01207675159811
25.498795406648185
21.73112100204616
28.78134630642313
20.46051995783075
26.06207251169493
27.31234899918281
23.08858424761356
27.28884441683514
22.1611768619673
22.416568623979316
27.087398793393675
29.390262612003887
22.407844526505215
24.762683670278093
25.292756611200254
34.11300477951169
19.855060203283454
22.867569814636354
17.483832142742216
22.680088011356098
29.47146073617879
27.073150459645667
22.199492062811295
27.72278953540782
18.657336763438117
29.05283434030079
28.915456058665896
28.962150694336785
25.485586351930593
16.564595588606124
30.82337119737427
25.081656850589106
16.613039475696276
17.80969941247951
21.8456966424231
14.776451518339492
18.023201941019625
24.33672768888532
29.245973237109112
21.240722652954275
19.195259239648845
21.067864712463006
25.58103377613412
21.56149406239176
27.120642990311865
42.82482632146411
42.4567514446233
40.39549183256837
39.49843539855332
41.53670996405249
45.99108208481779
39.60005260070862
40.80785700930578
48.31986698883977
49.4544298158654
49.45322192058136
46.61163993469254
38.91338113391299
43.3386127078067
49.057137745106814
45.37372882170868
44.71685595016831
44.063824889297244
42.61371618771609
43.0213024477551
44.114398478189266
41.99625384329583
45.913284760615134
42.996628300991915
40.81117398541979
43.795089689912956
38.28648208999549
45.94880752148798
49.4232576762464
38.41455056161346
45.17799331797507
49.43418238553493
43.500553136411355
40.618240581893254
45.28671226499713
50.479615140312234
43.59594516384781
39.394995983418596
38.65486924428721
40.53698819510278
39.80810688231709
41.65083148357612
51.252575742044634
47.878903447072226
42.44298662937552
43.73814441076435
42.65266459789984
40.86005946901343
44.59780505361623
45.648885386679616
41.492906352802244
43.07578222814442
42.396628908264695
57.597414434561585
41.87142372825707
39.577308858764475
43.4198430982384
49.134162837678964
42.501112799150945
45.79566818530295
43.284597160580454
47.52920608726184
43.09937540734871
40.4907381768494
42.156222746704046
49.16766440711223
43.508452138886945
54.08255731892052
39.03199882148985
41.81189397267009
42.76228288363347
50.35129313551439
49.21914803826949
49.71990047424792
45.50521081253861
46.261525482660936
46.045420604759876
39.12445426991549
52.159426168727215
50.32417110936302
49.32983308948381
45.966878164046435
49.86165359187355
42.73077897769536
43.09766498455649
44.21886767830712
41.81648168562603
47.53197598667043
41.71577920074584
37.71952696738063
37.35844888548241
40.59576120073705
52.45336596722652
37.54841242688827
47.3452244661633
41.14236836774575
40.85301011268073
45.77071672687466
38.622152814698815
42.681830527340026
50.5200656240647
45.56341728089537
49.2408788518839
52.22394055667226
38.12423295640005
44.018037858226165
41.771421866004935
41.349434162478815
42.64012423236375
51.64272509760825
46.24038109464326
43.84536480923785
45.201379190224834
42.09041035616234
46.444968062994825
52.231072090534376
37.9286054732651
42.6182627116869
37.82785127792118
44.857324771231625
41.220774505134145
47.27185136022993
45.62276841606392
52.57476085706698
41.59231554909445
44.249605717310104
47.03789309969256
39.04019403898813
45.94399537987135
40.53896212438793
49.47528249102736
44.96949173469604
48.81512916991488
52.185853868037334
52.341766462145586
44.924608347182804
44.58722678449979
43.29959974441679
45.20455197936155
42.219738288937556
43.56477049222379
45.58669308812714
41.02049407933777
49.75482744690049
45.51227053875815
46.24843748955669
51.34128145184499
40.31527576965604
39.993719406539924
41.209898696903025
39.384161010428166
44.021062814480125
44.05098692376425
42.25895256443667
41.26093763349969
46.0515273228368
48.13313416042565
47.762005883022475
42.54316361353211
35.532616628193665
47.37807712825661
46.18204218903885
45.66334532167442
49.89483314643744
42.58056557318983
63.52944693226315
58.57754037280383
58.671056614360566
67.0731377743002
61.527180402627216
70.00811559254397
67.00381208297615
64.54841283754028
67.34984234195109
65.56482954688204
62.13886042635721
66.46898354126752
59.49825286339656
59.55123763254792
68.85993501774226
60.12258144196906
72.3911954639023
67.69220231525298
63.07702590384171
68.21513342870739
56.80023154003355
56.2304234054814
66.37104885955803
60.469364060172765
65.10833712344918
62.370515835891325
65.01665433409507
65.1991088471126
59.716860707751486
51.05906820467514
67.37764881632695
59.86258270566581
65.98646374780459
63.27332643371274
68.10374399419133
66.11634103691756
61.49208922556898
62.501417952651884
65.00254525267206
70.70915731177854
65.76545269467043
61.38105299058221
59.43756150756879
61.92552772716548
60.742090489766454
62.72979112890612
70.82047914070968
67.30214116971652
68.9608938556867
70.92336463644585
62.8418091383102
66.2287604399819
66.3147941567247
67.31299926165839
70.04360792024447
63.216170746979
60.31314281256018
73.34530117267974
59.698567069044564
62.5015148339263
59.7004646709463
60.540946031295775
60.172185722341226
62.87230549151784
61.456091850984485
64.95566791451009
68.0144871284507
68.54833786446872
60.367085089739355
67.02352038472681
61.58475218678738
60.42064038511499
63.970922293366456
74.50331641130533
65.52905314470219
56.04685102093588
67.6458763736112
65.02321983569851
61.18178782944388
61.291399707026706
64.43967514356669
65.39363897127706
73.11137876700923
70.42164669910602
62.492730369232405
66.71566148501014
64.02681428747806
62.391718740183364
73.6189782155266
66.7101067234501
72.23776389073666
55.771694558649784
68.69821445399516
67.47249914643568
68.55034605271268
60.08175097302761
65.00371866893063
64.38876609290537
66.66873345525137
61.39141237534781
70.38180275346913
64.10103802971675
65.89763131430773
72.60841921564499
59.42006679542659
70.553661356935
60.30663772982446
60.93722365529698
67.6439475573752
68.85082038251413
60.651056411759114
57.422716458162036
65.24603168050477
65.32966789810236
64.8554789685471
64.76875194529768
67.62536771190027
69.23116210299312
65.09870219570296
57.72909673726103
63.921221970079145
67.72410737443509
63.92263318422129
63.55127500429161
57.63209260021576
64.52251450875261
65.23534349561898
63.08204623867621
61.86795637531522
69.54196646980729
68.58995031964226
62.20085879881686
61.431600159502864
79.22322898163483
60.45952315729324
58.44728126907518
62.1100863901726
64.86431745450058
66.81594510323113
73.9617473830738
73.02982589948361
59.664604407178274
67.71210882594266
58.20722533659642
57.50834803716303
64.39826977702059
66.1577440163018
60.81984863023001
64.20769233059804
59.78837539191357
62.46215089017042
71.37471133860129
69.2392467239517
63.62673417715769
66.74996761325261
57.43203148918129
69.31146570145783
59.275185722558774
59.518458637076606
62.94954134339601
72.21526491749125
71.31909121834589
66.17611058581318
69.79665906277882
58.6690953841747
88.65308071109354
91.01199325287632
89.83675091470846
90.84306015881381
84.92901614884809
81.95800763488155
89.82712814973924
79.59612725806556
79.77147515791253
79.77947578954443
87.92328358181338
80.87746794927253
85.95846771870212
84.24100520595599
88.63000400094565
80.66203971043153
91.58824938651848
85.50758297743221
85.86103657059326
89.55104307738043
85.94729749499925
80.8529854511621
82.56336310305925
80.8550286700034
83.17068889566409
83.259569409066
82.94093144190813
90.68554640360226
89.3358711837167
85.39328564973508
86.29381991187358
79.97141219552827
85.22420037024293
82.46573825134914
88.2494070121173
80.31645179082547
80.56804589176427
80.82954916140211
83.80106446376921
87.65108577972909
83.49711836102975
86.19973500927111
78.60932098409722
90.31875625416333
88.49570871496095
87.79531371401778
81.87310384360777
84.20004690759934
88.15106912298761
80.86322111266988
79.79891403394556
89.07258662540893
85.12362895739695
81.4583448788541
86.51435877901417
82.96667739970788
83.4263106398488
78.59725459635285
78.58640660918819
78.45901620946492
81.98361709952579
83.66708653187413
86.63009757519528
90.53307291656475
79.44758069136027
90.50853152313613
86.3729531744203
88.85096748146522
90.9409814299574
87.66697132085908
85.75121029080073
85.4724947201208
81.72111560548616
88.33675657367317
85.7190278619519
86.52061835469861
84.63419350882529
81.61754404409955
81.13779168674098
84.17967295543417
80.36876080355233
86.58987370765078
80.29136816970599
83.43789231506834
85.91936280092268
86.04031004763334
87.32691597439691
83.92808152567831
79.74416759171848
81.79101047956634
91.86173852528222
79.79024739457431
86.14403630612655
83.23019936376303
84.83576687897992
95.80571963757272
90.64772826510026
82.96561317516074
80.36427803579625
83.6174306512927
83.26249107976666
80.9668411258303
89.63338910304714
84.45405820527532
88.1828866805617
83.75440672959002
87.75596376028572
87.72668765859278
80.83835402944585
83.58151913754105
86.18871482056007
85.52372051978296
87.32094932623129
85.63100780821927
87.49417920143644
81.53736424262634
85.36360812972367
83.80351875496076
88.30923298196578
77.05037077970655
84.56541148817908
89.19480303001673
86.08415460589549
78.9719686136187
83.38980592478507
88.29262419865867
90.96627125187524
87.06849627400878
83.95953556908351
85.53501676920337
89.74087487779252
86.33413268674036
78.2119797839612
85.78354466293673
86.39640193467041
85.5990790132513
89.12773592538424
81.75473160809956
82.87614863590795
83.44464354345048
84.43224151407473
80.9148094931341
79.56234715049398
86.80472593632635
90.47987540160136
83.52569168876907
74.99050593850633
86.053440456474
85.69861927824569
86.20926491091231
78.21309934934885
81.81857146738429
86.83792597676562
79.23975506279373
84.72039947668625
88.16912249480521
82.49682060360972
82.30331223258972
81.56443151070779
86.54446305131576
82.60262910314462
84.44506881357468
82.74035442768263
89.22755291826672
86.04064464918471
101.7686267590858
106.20028834979139
106.44686493187275
102.19070462446223
109.95256421155727
98.49642097647012
111.85788156094101
99.10264371141623
108.4498848853531
106.03015024411532
102.57802844643147
102.20864451252179
109.61503834952731
106.73321618017378
107.55507035299185
109.08254635604845
102.52772609395304
104.34548168918037
106.56507626106547
105.4758980913757
105.15772502887329
101.85674792157126
104.9505491310007
107.80228484242318
107.24068778775796
100.26159202063815
101.20641425596345
101.25968713753248
101.21658627133797
102.60814515671318
102.7199203808298
97.4635931301226
104.0886963764586
110.16600952190443
93.97537605180538
106.96455369433146
111.10781362711714
100.04772851763714
100.7862336550488
104.17755512274312
110.87909691390244
104.50188546992291
102.33845976222429
103.30179956371693
107.81201429200783
104.10421695494738
106.21830419254341
107.37593583775514
112.12422483081089
102.5004851615886
102.92919457237217
103.79707338666766
95.53704676055143
98.82519042496256
104.23563101778308
109.52914764492358
110.5738005637123
111.23986857779164
98.95035287701799
107.98913356289978
101.65531327477647
103.0828083961721
103.50587182288574
102.0877142209833
104.03061101289751
104.26528620360736
101.99409298462972
106.70606941499406
105.28267520555157
94.05825728123675
101.54681091670706
108.79931203990394
100.5590037216621
102.32312188550799
106.92323720627493
101.54511574013235
105.87152368272436
99.67673799715695
101.76331858558076
111.1499202755524
106.4696503768921
107.53414050104354
98.61144678065895
102.20112727854435
100.80654641719529
105.52645965741327
102.20673679949553
94.20505515605764
100.96674236106846
109.31050771833247
114.98107110210852
110.39764163506612
98.25135503534524
100.44704963543866
110.73764720592408
109.94527906052132
106.16673538222028
106.30620132968666
100.29650515459235
100.46633268675244
103.31215499208649
107.72725372391447
108.11538747590993
99.81675367511451
104.65976581518953
104.21484598825514
105.46029700443115
102.95182401100212
101.0301830295967
103.44838359127266
100.70530794971638
102.75397003138832
108.6255860465101
100.0483838426107
105.16009873294486
103.62552128459173
103.27898901112977
106.55594373081888
100.41767012316632
100.00787004997278
104.93934353343771
103.78783872771142
108.14043178366359
106.39144939806174
107.90818736472576
105.96204701319901
107.06548267253223
103.68539731851492
100.28004864472022
112.53551826807511
95.6124181655493
103.28479596404974
110.20005362581395
105.7225100785268
106.37537979424599
107.37627339543377
109.00189913183193
104.88940113360641
103.86334275507699
101.1384654734811
105.62478374520525
103.36010210138885
102.57119371334467
110.49473012456356
96.54086756399523
105.8813679314651
106.68679943074336
102.82004673611789
104.0620924868045
109.24667080143763
106.64903551387017
105.74474699146701
108.88851911211496
101.53982260886113
108.868572055028
110.79074776308394
104.11080761576645
107.32993066664217
105.46093746336827
100.95400570184826
103.34416285652223
104.96592202782261
113.3087035734944
106.0714759450005
96.77532754436437
77.2186756528382
67.0922139470305
93.17571233788074
38.74304445130286
63.48847747577105
39.17245022798402
18.23868170905377
17.718984711765568
10.432103737813739
105.88513179345043
